VERSION
50
10
0
2
11
9
0.135533
0.169685
0.153222
1.000000 0.000000 0.000000 0.000000
0.000000 1.000000 0.000000 0.000000
0.000000 0.000000 1.000000 0.000000
0.000000 0.106068 0.000000 1.000000
12
0.229330
13
3
0.069175
1.000000 0.000000 0.000000 0.000000
0.000000 1.000000 0.000000 0.000000
0.000000 0.000000 1.000000 0.000000
0.000000 0.000000 0.000000 1.000000
15
0
0.107115
0.475448
0.450996
0.096386
0.036145
0.113497
0.133275
0.037555
0.150220
1
1
0.000000 1.000000 0.000000 0.000000
-1.000000 0.000000 0.000000 0.000000
0.000000 0.000000 1.000000 0.000000
0.133275 0.150220 -0.000000 1.000000
0.058950
0
0.107115
0.475448
0.450996
0.096386
0.036145
0.113497
0.133275
0.037555
0.150220
1
1
0.000000 1.000000 0.000000 0.000000
-1.000000 0.000000 -0.000000 0.000000
0.000000 -0.000000 -1.000000 0.000000
0.133275 0.150220 0.000000 1.000000
0.058950
16
0
0.331604
0.292823
0.072289
0.036145
0.114820
-0.191986
0.130900
-0.000000 -0.000000 0.039305 1.000000
0.115291
0.122010
0.000000
0.258576
5
3
0.593759 -0.587314 -0.550011 0.000000
0.517008 0.802240 -0.298518 0.000000
0.616565 -0.107112 0.779984 0.000000
0.052692 -0.032470 -0.007093 1.000000
0.034129
0.034129
0.034129
3
0.975961 -0.216365 0.026177 0.000000
0.025556 -0.005666 -0.999657 0.000000
0.216440 0.976296 -0.000000 0.000000
0.122010 -0.046337 0.000000 1.000000
0.032518
0.032518
0.032518
3
0.999391 -0.000000 -0.034899 0.000000
-0.034899 -0.000000 -0.999391 0.000000
0.000000 1.000000 -0.000000 0.000000
0.122010 -0.011529 0.000000 1.000000
0.036720
0.036720
0.036720
3
0.959717 0.257155 -0.113203 0.000000
-0.109346 -0.029299 -0.993572 0.000000
-0.258819 0.965926 -0.000000 0.000000
0.122010 0.020745 -0.000000 1.000000
0.031558
0.031558
0.031558
3
0.834843 0.443894 -0.325568 0.000000
-0.287460 -0.152845 -0.945519 0.000000
-0.469472 0.882948 -0.000000 0.000000
0.122010 0.050212 -0.000000 1.000000
0.023596
0.023596
0.023596
0
0.331604
0.292823
0.072289
0.036145
0.114820
-0.191986
0.130900
0.000000 0.000000 0.039305 1.000000
0.115291
0.122010
0.000000
0.258576
5
3
0.593759 -0.587314 -0.550011 0.000000
0.517008 0.802240 -0.298518 0.000000
0.616565 -0.107112 0.779984 0.000000
0.052692 -0.032470 -0.007093 1.000000
0.034129
0.034129
0.034129
3
0.975961 -0.216365 0.026177 0.000000
0.025556 -0.005666 -0.999657 0.000000
0.216440 0.976296 -0.000000 0.000000
0.122010 -0.046337 0.000000 1.000000
0.032518
0.032518
0.032518
3
0.999391 -0.000000 -0.034899 0.000000
-0.034899 -0.000000 -0.999391 0.000000
0.000000 1.000000 -0.000000 0.000000
0.122010 -0.011529 0.000000 1.000000
0.036720
0.036720
0.036720
3
0.965337 0.258661 -0.034900 0.000000
-0.033710 -0.009033 -0.999391 0.000000
-0.258819 0.965926 -0.000000 0.000000
0.122010 0.020745 -0.000000 1.000000
0.031558
0.031558
0.031558
3
0.834843 0.443894 -0.325568 0.000000
-0.287460 -0.152845 -0.945519 0.000000
-0.469472 0.882948 -0.000000 0.000000
0.122010 0.050212 -0.000000 1.000000
0.023596
0.023596
0.023596
19
0
20
0
30
0
21
0
22
0
23
0
25
0
0
0
0
0
0
0
0
0
0
0
0.500000
0.500000
0.500000
0.500000
0.500000
0.500000
0.500000
0.500000
0.500000
0.500000
26
0
0
0
0
0
0
5
3
1
18
0.000000
31
1
0
32
0
17
501
0.119903
0.119903
503
0.233370
0.194655
0.233370
0.194655
0.233370
0.194655
506
0.276699
0.437851
0.276699
0.437851
0.063992
0.071219
0.063992
0.071219
0.063992
0.071219
0.034587
0.034587
0.034587
0.034587
0.034587
0.034587
0.040352
0.040352
0.040352
0.040352
0.040352
0.040352
0.034587
0.034587
0.034587
0.034587
0.034587
0.034587
0.028823
0.028823
0.028823
0.028823
0.028823
0.028823
0.114820
0.299757
0.230583
0.276699
0.437851
0.276699
0.437851
0.063992
0.071219
0.063992
0.071219
0.063992
0.071219
0.034587
0.034587
0.034587
0.034587
0.034587
0.034587
0.040352
0.040352
0.040352
0.040352
0.040352
0.040352
0.034587
0.034587
0.034587
0.034587
0.034587
0.034587
0.028823
0.028823
0.028823
0.028823
0.028823
0.028823
0.114820
0.299757
0.230583
505
0.461165
0.647844
0.461165
0.647844
0.050059
0.068256
40.000000
40.000000
40.000000
0.461165
0.647844
0.461165
0.647844
0.050059
0.068256
40.000000
40.000000
40.000000
500
0.229330
0.229330
0.252771
0.229330
0.230583
0.230583
0.107115
507
100
0.000000
0.000000
0.008727
0.999962
0.000000
0.000000
0.000000
3
0.000000
0.000000
0.000000
0.000000 0.000000 0.000000 0.000000
0.000000
0.000000 0.000000 0.000000 1.000000
101
3
-0.209440
-0.000000
-0.000000
0.000000 0.000000 0.000000 0.000000
-0.000001 -0.000000 -1.000000 0.000000
0.000000 1.000000 -0.000000 0.000000
1.000000 0.000000 -0.000001 0.000000
0.002046 1.023790 -0.017890 1.000000
108
-0.000000 0.000000 0.000000 0.000000
0.002046 1.023790 -0.017890 1.000000
0.000000
-0.707107
0.000000
0.707106
102
-0.000000
-0.000000
0.000000
1.000000
0.000000
0.000000
0.000000
103
9
0.000000
0.000000
0.000000
0.052360
-0.000000
-0.000000
-0.017453
-0.000000
-0.000000
0.000000 0.000000 0.000000 0.000000
105
2.902939
0.300000
0.011087
-0.114314
-0.000767
0.993382
0.000000
0.000000
0.000000
-0.120000
0.000000
0
0.000000
0.000000
0.889348 0.105664 -0.209852 1.000000
0.319014 0.134442 0.087773 1.000000
0.227099 0.022202 0.973619 1.000000
3
0
-0.095354
0.095354
0.700648
0.700648
0.000000
0.000000
0.000000
0.000000
0.000000
0.000000
1.000000
0.428008
-0.428008
0.562858
0.562858
0.000000
0.000000
0.000000
0.000000
0.000000
0.000000
1.000000
0.000000
0.000000
0.000000
1.000000
0.000000
0.000000
0.000000
0.000000
0.000000
1.000000
0.000000
0.000000
0.000000
1.000000
0.000000
0.000000
0.000000
0.000000
0.000000
1.000000
0.000000
0.000000
0.000000
1.000000
0.000000
0.000000
0.000000
0.000000
0.000000
1.000000
0.000000
0.000000
0.000000
1.000000
0.000000
0.000000
0.000000
0.000000
0.000000
1.000000
0.000000
0.000000
0.000000
1.000000
0.000000
0.000000
0
0
5
0
0
0.359158 0.001167 -0.056983 1.000000
0.000000 0.000000 0.000000 1.000000
0.000000
2.902939
0.300000
0.011087
-0.114314
-0.000767
0.993382
0.000000
0.000000
0.000000
-0.120000
0.000000
0
0.000000
0.000000
0.889348 0.105664 -0.209852 1.000000
-0.314921 0.134442 0.087774 1.000000
0.227099 0.022202 0.973619 1.000000
3
0
0.095354
-0.095354
0.700648
0.700648
0.000000
0.000000
0.000000
0.000000
0.000000
0.000000
1.000000
-0.562859
0.562859
-0.428007
-0.428007
0.000000
0.000000
0.000000
0.000000
0.000000
0.000000
1.000000
0.000000
0.000000
0.000000
1.000000
0.000000
0.000000
0.000000
0.000000
0.000000
1.000000
0.000000
0.000000
0.000000
1.000000
0.000000
0.000000
0.000000
0.000000
0.000000
1.000000
0.000000
0.000000
0.000000
1.000000
0.000000
0.000000
0.000000
0.000000
0.000000
1.000000
0.000000
0.000000
0.000000
1.000000
0.000000
0.000000
0.000000
0.000000
0.000000
1.000000
0.000000
0.000000
0.000000
1.000000
0.000000
0.000000
0
0
5
0
0
0.000000 0.000000 0.000000 1.000000
0.000000 0.000000 0.000000 1.000000
0.000000
106
2.839282
0.300000
-0.012048
0.259817
0.063471
0.963494
0.000000
0.000000
0.000000
-0.191986
0.130900
0
0.000000
0.000000
0.533830 0.007880 0.309945 1.000000
0.463042 1.038407 0.009643 1.000000
-0.502194 0.009766 0.864700 1.000000
0
0
0.000000
-0.104528
0.000000
0.994522
0.000000
0.000000
0.000000
0.000000
0.000000
0.000000
1.000000
-0.470928
0.548576
0.591947
0.356217
0.000000
0.000000
0.000000
0.000000
0.000000
0.000000
1.000000
0.000000
0.000000
0.000000
1.000000
0.076254
0.076254
0.000000
0.000000
0.000000
1.000000
0.000000
0.000000
0.000000
1.000000
0.207153
0.207153
0.000000
0.000000
0.000000
1.000000
0.000000
0.000000
0.000000
1.000000
0.215880
0.215880
0.000000
0.000000
0.000000
1.000000
0.000000
0.000000
0.000000
1.000000
0.215880
0.215880
0.000000
0.000000
0.000000
1.000000
0.000000
0.000000
0.000000
1.000000
0.198427
0.198427
0
0
5
0
0
0.472724 0.914893 -0.009392 1.000000
0.000000 0.000000 0.000000 1.000000
0.000000
2.839282
0.300000
-0.012048
0.259817
0.063471
0.963494
0.000000
0.000000
0.000000
-0.191986
0.130900
0
0.000000
0.000000
0.533830 0.007880 0.309945 1.000000
-0.471429 1.036938 0.011622 1.000000
-0.502194 0.009766 0.864700 1.000000
0
0
0.000000
-0.104528
0.000000
0.994522
0.000000
0.000000
0.000000
0.000000
0.000000
0.000000
1.000000
-0.470928
0.548576
0.591947
0.356217
0.000000
0.000000
0.000000
0.000000
0.000000
0.000000
1.000000
0.000000
0.000000
0.000000
1.000000
0.076254
0.076254
0.000000
0.000000
0.000000
1.000000
0.000000
0.000000
0.000000
1.000000
0.207153
0.207153
0.000000
0.000000
0.000000
1.000000
0.000000
0.000000
0.000000
1.000000
0.093707
0.093707
0.000000
0.000000
0.000000
1.000000
0.000000
0.000000
0.000000
1.000000
0.137340
0.137340
0.000000
0.000000
0.000000
1.000000
0.000000
0.000000
0.000000
1.000000
0.032620
0.032620
0
0
5
0
0
0.000000 0.000000 0.000000 1.000000
0.000000 0.000000 0.000000 1.000000
0.000000
107
27
0.500000
0.500000
0.500000
0.500000
0.500000
0.500000
28
6
0
-0.004342
-0.009040
-0.014528
-0.999844
pose1
-0.028972 -0.018203 -0.999414
-0.999540 -0.008421 0.029129
0.000000
0.500000
0.306306
0.285922
-0.628247
0.655539
pose2
0.998840 0.010006 -0.047110
-0.022966 -0.760849 -0.648522
0.000000
0.500000
-0.604889
0.099517
0.672610
-0.414490
pose3
0.437187 0.896206 -0.075384
0.636588 -0.367568 -0.677974
0.000000
0.500000
-0.202303
-0.721503
-0.037610
-0.661130
pose4
0.242194 -0.969231 0.043962
-0.915318 -0.213225 0.341656
0.000000
0.500000
-0.105683
0.335716
0.702526
0.618533
pose5
-0.940030 -0.266812 0.212496
0.009423 0.602436 0.798112
0.000000
0.500000
0.017896
0.466863
-0.884082
0.010833
pose6
0.035866 0.021528 0.999125
0.563844 -0.825878 -0.002445
0.000000
0.500000
29
6
0
0.000000
0.000000
-0.020622
0.999787
pose1
-0.041236 0.000000 -0.999149
0.999149 0.000000 -0.041236
0.000000
0.500000
0.036782
0.019800
0.678470
0.733439
pose2
0.993777 0.078954 -0.078572
0.076650 0.027087 0.996690
0.000000
0.500000
0.183027
0.681963
-0.186833
-0.683024
pose3
0.005588 -0.999984 -0.000040
0.863189 0.004803 0.504858
0.000000
0.500000
0.000000
0.000000
-0.697373
0.716708
pose4
-0.999626 0.000000 -0.027341
0.027341 0.000000 -0.999626
0.000000
0.500000
0.000156
0.008472
0.999794
-0.018419
pose5
-0.036833 0.000000 0.999321
-0.999178 -0.016947 -0.036828
0.000000
0.500000
0.351327
0.624934
0.376430
0.586794
pose6
0.002661 0.997915 0.064484
0.469740 -0.058174 0.880886
0.000000
0.500000
